home -> 0
[[0, 0, 1.0471975511965976, -1.0471975511965976, 0],
 #[0.39758303053672206, -0.06465660677361162, 0.7778999842793566, -0.713243377505745, 0.003740887808553861],
 [-1.613508521610387, -0.43845774116827085, 1.5193817720427678, -1.080924030874497, 0.1101420978636034],
 [-2.1998448397653356, -0.2940124548248866, 0.6072300149307314, -0.3132175601058448, 0.7842813459080811], 
[-2.1848763158741162, -0.9036277714903422, 0.2813298175220469, 0.6222979539682953, 0.6140799890792197]]

0 -> 1
[[-2.1848763158741162, -0.9036277714903422, 0.2813298175220469, 0.6222979539682953, 0.6140799890792197],
 [-2.1998448397653356, -0.2940124548248866, 0.6072300149307314, -0.3132175601058448, 0.7842813459080811],
 [-2.143925466327504, -0.1867775289455338, 0.6619708326410353, -0.4751933036955015, 0.6494857537082559],
 [-1.0308961180703955, 0.0925216937435418, 1.0356925838733066, -1.1282142776168484, 0.27450632311632295],
 [0.4484525591236945, -0.1215869580537654, 0.9203100029164204, -0.798723044862655, -0.2830349161358676], 
 [0.39758303053672206, -0.06465660677361162, 0.7778999842793566, -0.713243377505745, 0.003740887808553861], 
 [0.8237859646080703, -0.3805583539238506, 0.7222833570376708, -0.34172500311382015, -0.8237859646080703]]

0 -> 2
[[-2.1848763158741162, -0.9036277714903422, 0.2813298175220469, 0.6222979539682953, 0.6140799890792197],
 [-2.1998448397653356, -0.2940124548248866, 0.6072300149307314, -0.3132175601058448, 0.7842813459080811],
 [-2.143925466327504, -0.1867775289455338, 0.6619708326410353, -0.4751933036955015, 0.6494857537082559],
 [-1.0308961180703955, 0.0925216937435418, 1.0356925838733066, -1.1282142776168484, 0.27450632311632295],
 [0.39758303053672206, -0.06465660677361162, 0.7778999842793566, -0.713243377505745, 0.003740887808553861],
 [0.34160056931765204, -0.041666935295440424, 0.4682898930250192, -0.4266229577295788, -0.34160056931765204]]

0 -> 3
[[-2.1848763158741162, -0.9036277714903422, 0.2813298175220469, 0.6222979539682953, 0.6140799890792197],
 [-2.1998448397653356, -0.2940124548248866, 0.6072300149307314, -0.3132175601058448, 0.7842813459080811],
 [-2.143925466327504, -0.1867775289455338, 0.6619708326410353, -0.4751933036955015, 0.6494857537082559],
 [-1.0308961180703955, 0.0925216937435418, 1.0356925838733066, -1.1282142776168484, 0.27450632311632295],
 [-0.29319595099314677, -0.09392508323275899, 0.6505201421703724, -0.5565950589376134, 0.29319595099314677]]

0 -> 4
[[-2.1848763158741162, -0.9036277714903422, 0.2813298175220469, 0.6222979539682953, 0.6140799890792197],
 [-2.1998448397653356, -0.2940124548248866, 0.6072300149307314, -0.3132175601058448, 0.7842813459080811],
 [-2.143925466327504, -0.1867775289455338, 0.6619708326410353, -0.4751933036955015, 0.6494857537082559],
 [-1.0308961180703955, 0.0925216937435418, 1.0356925838733066, -1.1282142776168484, 0.27450632311632295],
 [-0.9228813602225938, -0.1402637274913805, 0.7347441124172314, -0.5944803849258509, 0.3667374322357455],
 [-0.7237350774356032, -0.33012210258421865, 0.8376958334978795, -0.5075737309136608, 0.7237350774356032]]

0 -> 5
[[-2.1848763158741162, -0.9036277714903422, 0.2813298175220469, 0.6222979539682953, 0.6140799890792197],
 [-2.1998448397653356, -0.2940124548248866, 0.6072300149307314, -0.3132175601058448, 0.7842813459080811],
 [-2.143925466327504, -0.1867775289455338, 0.6619708326410353, -0.4751933036955015, 0.6494857537082559],
 [-1.0308961180703955, 0.0925216937435418, 1.0356925838733066, -1.1282142776168484, 0.27450632311632295],
 [0.00022401867925414757, 0.2398511758490944, -0.01612269521205212, -0.2237284806370423, -0.00022401867925414757],
 [0.3593409374186838, 0.2249920579555668, 0.07246035001918383, -0.2974524079747506, -0.3593409374186838], 
 [0.8237859646080703, -0.4609199218961917, -0.07015595618088266, 0.5310758780770743, -0.8237859646080703]]

0 -> 6
[[-2.1848763158741162, -0.9036277714903422, 0.2813298175220469, 0.6222979539682953, 0.6140799890792197],
 [-2.1998448397653356, -0.2940124548248866, 0.6072300149307314, -0.3132175601058448, 0.7842813459080811],
 [-2.143925466327504, -0.1867775289455338, 0.6619708326410353, -0.4751933036955015, 0.6494857537082559],
 [-1.0308961180703955, 0.0925216937435418, 1.0356925838733066, -1.1282142776168484, 0.27450632311632295],
 [0.00022401867925414757, 0.2398511758490944, -0.01612269521205212, -0.2237284806370423, -0.00022401867925414757], 
 [0.25132698197042286, 0.294302982968, -0.11896376705161016, -0.17533921591638985, -0.25132698197042286], 
 [0.34160056931765204, -0.037172965212609314, -0.37973403735588507, 0.4169070025684944, -0.34160056931765204]]

0 -> 7
[[-2.1848763158741162, -0.9036277714903422, 0.2813298175220469, 0.6222979539682953, 0.6140799890792197],
 [-2.1998448397653356, -0.2940124548248866, 0.6072300149307314, -0.3132175601058448, 0.7842813459080811],
 [-2.143925466327504, -0.1867775289455338, 0.6619708326410353, -0.4751933036955015, 0.6494857537082559],
 [-1.0308961180703955, 0.0925216937435418, 1.0356925838733066, -1.1282142776168484, 0.27450632311632295],
 [-0.6146459048221065, 0.0067153255921406085, 0.3253573366620729, -0.3320726622542135, 0.30430822917593714], 
 [-0.6230725011799733, 0.05645809154067779, -0.006789127873130241, -0.04966896366754755, 0.6230725011799733], 
 [-0.29319595099314677, 0.07988477960373569, -0.07834842687826127, -0.0015363527254744214, 0.29319595099314677]]

0 -> 8
[[-2.1848763158741162, -0.9036277714903422, 0.2813298175220469, 0.6222979539682953, 0.6140799890792197],
 [-2.1998448397653356, -0.2940124548248866, 0.6072300149307314, -0.3132175601058448, 0.7842813459080811],
 [-2.143925466327504, -0.1867775289455338, 0.6619708326410353, -0.4751933036955015, 0.6494857537082559],
 [-1.0308961180703955, 0.0925216937435418, 1.0356925838733066, -1.1282142776168484, 0.27450632311632295],
 [-0.7767330224610217, -0.04277940471158481, -0.04531325125163832, 0.08809265596322313, 0.7767330224610217], 
 [-0.7237350774356032, -0.20632701568409778, 0.0933970352271154, 0.11292998045698238, 0.7237350774356032]]
